2 0.3798076923076923 0.2692307692307692 0.03125 0.04567307692307692
2 0.15625 0.29086538461538464 0.0625 0.04807692307692308
2 0.5492788461538461 0.3713942307692308 0.055288461538461536 0.03365384615384615
2 0.4723557692307692 0.37740384615384615 0.04567307692307692 0.028846153846153848
2 0.5913461538461539 0.39903846153846156 0.028846153846153848 0.02403846153846154
2 0.5408653846153846 0.4074519230769231 0.038461538461538464 0.02403846153846154
2 0.48677884615384615 0.41225961538461536 0.038461538461538464 0.028846153846153848
2 0.6586538461538461 0.4639423076923077 0.07692307692307693 0.038461538461538464
2 0.5540865384615384 0.47115384615384615 0.04807692307692308 0.057692307692307696
2 0.3737980769230769 0.47115384615384615 0.036057692307692304 0.02403846153846154
2 0.6742788461538461 0.5252403846153846 0.09375 0.038461538461538464
2 0.3112980769230769 0.5408653846153846 0.10817307692307693 0.08173076923076923
2 0.4723557692307692 0.5673076923076923 0.12980769230769232 0.16826923076923078
2 0.5240384615384616 0.7728365384615384 0.47115384615384615 0.25961538461538464
2 0.027644230769230768 0.2283653846153846 0.055288461538461536 0.0625