2 0.6899038461538461 0.6610576923076923 0.14423076923076922 0.07692307692307693
2 0.9110576923076923 0.5877403846153846 0.10576923076923077 0.08413461538461539
2 0.33413461538461536 0.5769230769230769 0.18269230769230768 0.08173076923076923
2 0.6189903846153846 0.5685096153846154 0.09134615384615384 0.028846153846153848
2 0.1045673076923077 0.5528846153846154 0.16105769230769232 0.1778846153846154
2 0.8016826923076923 0.546875 0.05048076923076923 0.038461538461538464
2 0.4735576923076923 0.5072115384615384 0.0625 0.04326923076923077
2 0.6754807692307693 0.4567307692307692 0.1778846153846154 0.125
2 0.40865384615384615 0.4170673076923077 0.3269230769230769 0.11057692307692307
2 0.11538461538461539 0.40384615384615385 0.22355769230769232 0.10817307692307693
2 0.8762019230769231 0.35096153846153844 0.24278846153846154 0.15384615384615385
2 0.18990384615384615 0.2704326923076923 0.11057692307692307 0.12259615384615384
2 0.4387019230769231 0.20072115384615385 0.3701923076923077 0.3173076923076923
2 0.65625 0.18028846153846154 0.12259615384615384 0.19230769230769232
2 0.8197115384615384 0.14182692307692307 0.1778846153846154 0.21153846153846154
2 0.11538461538461539 0.13942307692307693 0.20192307692307693 0.125