2 0.7247596153846154 0.4182692307692308 0.1201923076923077 0.11057692307692307
2 0.6658653846153846 0.33653846153846156 0.04567307692307692 0.05048076923076923
2 0.6225961538461539 0.4639423076923077 0.014423076923076924 0.03125
2 0.5973557692307693 0.24759615384615385 0.06009615384615385 0.09615384615384616
2 0.5552884615384616 0.3605769230769231 0.07692307692307693 0.1778846153846154
2 0.5192307692307693 0.2536057692307692 0.06009615384615385 0.125
2 0.49278846153846156 0.37259615384615385 0.057692307692307696 0.0889423076923077
2 0.46153846153846156 0.23918269230769232 0.09615384615384616 0.17307692307692307
0 0.31850961538461536 0.9747596153846154 0.040865384615384616 0.04567307692307692
0 0.17668269230769232 0.9146634615384616 0.06009615384615385 0.06971153846153846
0 0.1346153846153846 0.45072115384615385 0.14903846153846154 0.17067307692307693