2 0.20793269230769232 0.27524038461538464 0.20673076923076922 0.0673076923076923
2 0.7067307692307693 0.30528846153846156 0.04807692307692308 0.04326923076923077
0 0.6189903846153846 0.31850961538461536 0.08173076923076923 0.13942307692307693
2 0.7836538461538461 0.34134615384615385 0.038461538461538464 0.02403846153846154
2 0.359375 0.35096153846153844 0.1346153846153846 0.20432692307692307
2 0.65625 0.40625 0.038461538461538464 0.03125
2 0.12860576923076922 0.421875 0.125 0.20192307692307693
2 0.8112980769230769 0.421875 0.03365384615384615 0.028846153846153848
2 0.8882211538461539 0.4519230769230769 0.02403846153846154 0.03365384615384615
2 0.9567307692307693 0.4831730769230769 0.04567307692307692 0.10096153846153846
2 0.7920673076923077 0.5036057692307693 0.0673076923076923 0.040865384615384616
2 0.8990384615384616 0.5084134615384616 0.04326923076923077 0.04807692307692308
2 0.8377403846153846 0.5540865384615384 0.055288461538461536 0.04807692307692308
2 0.27884615384615385 0.5576923076923077 0.03365384615384615 0.03365384615384615
2 0.7319711538461539 0.5625 0.04326923076923077 0.04326923076923077
2 0.2091346153846154 0.5733173076923077 0.05048076923076923 0.04326923076923077
2 0.5805288461538461 0.5961538461538461 0.038461538461538464 0.038461538461538464
2 0.1658653846153846 0.6141826923076923 0.038461538461538464 0.0673076923076923
2 0.39663461538461536 0.625 0.03365384615384615 0.040865384615384616
2 0.6694711538461539 0.6430288461538461 0.07211538461538461 0.038461538461538464
2 0.5552884615384616 0.6610576923076923 0.03125 0.03365384615384615
2 0.8846153846153846 0.6670673076923077 0.09615384615384616 0.07451923076923077
2 0.7247596153846154 0.6899038461538461 0.04807692307692308 0.03365384615384615
0 0.2608173076923077 0.7211538461538461 0.20432692307692307 0.14423076923076922
2 0.6622596153846154 0.7379807692307693 0.11298076923076923 0.07211538461538461
2 0.5072115384615384 0.7475961538461539 0.10576923076923077 0.07451923076923077
2 0.3954326923076923 0.7980769230769231 0.052884615384615384 0.052884615384615384
2 0.26802884615384615 0.8269230769230769 0.04807692307692308 0.04807692307692308
2 0.6382211538461539 0.8353365384615384 0.08413461538461539 0.08413461538461539
2 0.484375 0.8377403846153846 0.11057692307692307 0.08653846153846154
2 0.40384615384615385 0.8569711538461539 0.040865384615384616 0.052884615384615384
2 0.703125 0.23317307692307693 0.06490384615384616 0.03125
0 0.78125 0.24278846153846154 0.04807692307692308 0.052884615384615384