2 0.36899038461538464 0.3737980769230769 0.028846153846153848 0.038461538461538464
2 0.42427884615384615 0.38221153846153844 0.052884615384615384 0.03365384615384615
2 0.4879807692307692 0.390625 0.04326923076923077 0.04326923076923077
2 0.5588942307692307 0.4074519230769231 0.05048076923076923 0.0673076923076923
2 0.15985576923076922 0.4543269230769231 0.040865384615384616 0.021634615384615384
2 0.7115384615384616 0.46634615384615385 0.03125 0.03365384615384615
2 0.17067307692307693 0.5072115384615384 0.038461538461538464 0.009615384615384616
2 0.171875 0.5336538461538461 0.028846153846153848 0.016826923076923076
2 0.8004807692307693 0.5396634615384616 0.040865384615384616 0.026442307692307692
2 0.13942307692307693 0.5673076923076923 0.057692307692307696 0.028846153846153848
2 0.25240384615384615 0.6225961538461539 0.028846153846153848 0.028846153846153848
2 0.9639423076923077 0.6622596153846154 0.0673076923076923 0.06971153846153846
2 0.15144230769230768 0.6658653846153846 0.04807692307692308 0.03125
2 0.2247596153846154 0.6706730769230769 0.07692307692307693 0.028846153846153848
2 0.5540865384615384 0.6862980769230769 0.08653846153846154 0.07211538461538461
2 0.8209134615384616 0.7139423076923077 0.06009615384615385 0.04326923076923077
2 0.5769230769230769 0.7572115384615384 0.08173076923076923 0.06009615384615385
2 0.453125 0.7668269230769231 0.10096153846153846 0.21394230769230768
2 0.3894230769230769 0.7704326923076923 0.10096153846153846 0.04326923076923077
2 0.5637019230769231 0.8293269230769231 0.06971153846153846 0.04807692307692308
2 0.5336538461538461 0.8617788461538461 0.052884615384615384 0.03125