2 0.7247596153846154 0.20793269230769232 0.0673076923076923 0.20673076923076922
2 0.6947115384615384 0.7067307692307693 0.04326923076923077 0.04807692307692308
0 0.6814903846153846 0.6189903846153846 0.13942307692307693 0.08173076923076923
2 0.6586538461538461 0.7836538461538461 0.02403846153846154 0.038461538461538464
2 0.6490384615384616 0.359375 0.20432692307692307 0.1346153846153846
2 0.59375 0.65625 0.03125 0.038461538461538464
2 0.578125 0.12860576923076922 0.20192307692307693 0.125
2 0.578125 0.8112980769230769 0.028846153846153848 0.03365384615384615
2 0.5480769230769231 0.8882211538461539 0.03365384615384615 0.02403846153846154
2 0.5168269230769231 0.9567307692307693 0.10096153846153846 0.04567307692307692
2 0.4963942307692308 0.7920673076923077 0.040865384615384616 0.0673076923076923
2 0.49158653846153844 0.8990384615384616 0.04807692307692308 0.04326923076923077
2 0.44591346153846156 0.8377403846153846 0.04807692307692308 0.055288461538461536
2 0.4423076923076923 0.27884615384615385 0.03365384615384615 0.03365384615384615
2 0.4375 0.7319711538461539 0.04326923076923077 0.04326923076923077
2 0.4266826923076923 0.2091346153846154 0.04326923076923077 0.05048076923076923
2 0.40384615384615385 0.5805288461538461 0.038461538461538464 0.038461538461538464
2 0.3858173076923077 0.1658653846153846 0.0673076923076923 0.038461538461538464
2 0.375 0.39663461538461536 0.040865384615384616 0.03365384615384615
2 0.35697115384615385 0.6694711538461539 0.038461538461538464 0.07211538461538461
2 0.3389423076923077 0.5552884615384616 0.03365384615384615 0.03125
2 0.3329326923076923 0.8846153846153846 0.07451923076923077 0.09615384615384616
2 0.31009615384615385 0.7247596153846154 0.03365384615384615 0.04807692307692308
0 0.27884615384615385 0.2608173076923077 0.14423076923076922 0.20432692307692307
2 0.2620192307692308 0.6622596153846154 0.07211538461538461 0.11298076923076923
2 0.25240384615384615 0.5072115384615384 0.07451923076923077 0.10576923076923077
2 0.20192307692307693 0.3954326923076923 0.052884615384615384 0.052884615384615384
2 0.17307692307692307 0.26802884615384615 0.04807692307692308 0.04807692307692308
2 0.16466346153846154 0.6382211538461539 0.08413461538461539 0.08413461538461539
2 0.1622596153846154 0.484375 0.08653846153846154 0.11057692307692307
2 0.14302884615384615 0.40384615384615385 0.052884615384615384 0.040865384615384616
2 0.7668269230769231 0.703125 0.03125 0.06490384615384616
0 0.7572115384615384 0.78125 0.052884615384615384 0.04807692307692308