2 0.6310096153846154 0.6262019230769231 0.028846153846153848 0.038461538461538464
2 0.5757211538461539 0.6177884615384616 0.052884615384615384 0.03365384615384615
2 0.5120192307692307 0.609375 0.04326923076923077 0.04326923076923077
2 0.4411057692307692 0.5925480769230769 0.05048076923076923 0.0673076923076923
2 0.8401442307692307 0.5456730769230769 0.040865384615384616 0.021634615384615384
2 0.28846153846153844 0.5336538461538461 0.03125 0.03365384615384615
2 0.8293269230769231 0.49278846153846156 0.038461538461538464 0.009615384615384616
2 0.828125 0.46634615384615385 0.028846153846153848 0.016826923076923076
2 0.19951923076923078 0.46033653846153844 0.040865384615384616 0.026442307692307692
2 0.8605769230769231 0.4326923076923077 0.057692307692307696 0.028846153846153848
2 0.7475961538461539 0.37740384615384615 0.028846153846153848 0.028846153846153848
2 0.036057692307692304 0.33774038461538464 0.0673076923076923 0.06971153846153846
2 0.8485576923076923 0.33413461538461536 0.04807692307692308 0.03125
2 0.7752403846153846 0.3293269230769231 0.07692307692307693 0.028846153846153848
2 0.44591346153846156 0.3137019230769231 0.08653846153846154 0.07211538461538461
2 0.17908653846153846 0.2860576923076923 0.06009615384615385 0.04326923076923077
2 0.4230769230769231 0.24278846153846154 0.08413461538461539 0.06009615384615385
2 0.546875 0.23317307692307693 0.10336538461538461 0.21394230769230768
2 0.6105769230769231 0.22956730769230768 0.10096153846153846 0.04326923076923077
2 0.4362980769230769 0.17067307692307693 0.06971153846153846 0.04807692307692308
2 0.46634615384615385 0.13822115384615385 0.052884615384615384 0.03125