2 0.6262019230769231 0.36899038461538464 0.038461538461538464 0.028846153846153848
2 0.6177884615384616 0.42427884615384615 0.03365384615384615 0.052884615384615384
2 0.609375 0.4879807692307692 0.04326923076923077 0.04326923076923077
2 0.5925480769230769 0.5588942307692307 0.0673076923076923 0.05048076923076923
2 0.5456730769230769 0.15985576923076922 0.021634615384615384 0.040865384615384616
2 0.5336538461538461 0.7115384615384616 0.03365384615384615 0.03125
2 0.49278846153846156 0.17067307692307693 0.009615384615384616 0.038461538461538464
2 0.46634615384615385 0.171875 0.016826923076923076 0.028846153846153848
2 0.46033653846153844 0.8004807692307693 0.026442307692307692 0.040865384615384616
2 0.4326923076923077 0.13942307692307693 0.028846153846153848 0.057692307692307696
2 0.37740384615384615 0.25240384615384615 0.028846153846153848 0.028846153846153848
2 0.33774038461538464 0.9639423076923077 0.06971153846153846 0.0673076923076923
2 0.33413461538461536 0.15144230769230768 0.03125 0.04807692307692308
2 0.3293269230769231 0.2247596153846154 0.028846153846153848 0.07692307692307693
2 0.3137019230769231 0.5540865384615384 0.07211538461538461 0.08653846153846154
2 0.2860576923076923 0.8209134615384616 0.04326923076923077 0.06009615384615385
2 0.24278846153846154 0.5769230769230769 0.06009615384615385 0.08173076923076923
2 0.23317307692307693 0.453125 0.21394230769230768 0.10096153846153846
2 0.22956730769230768 0.3894230769230769 0.04326923076923077 0.10096153846153846
2 0.17067307692307693 0.5637019230769231 0.04807692307692308 0.06971153846153846
2 0.13822115384615385 0.5336538461538461 0.03125 0.052884615384615384