2 0.7920673076923077 0.7247596153846154 0.20673076923076922 0.0673076923076923
2 0.2932692307692308 0.6947115384615384 0.04807692307692308 0.04326923076923077
0 0.38100961538461536 0.6814903846153846 0.08173076923076923 0.13942307692307693
2 0.21634615384615385 0.6586538461538461 0.038461538461538464 0.02403846153846154
2 0.640625 0.6490384615384616 0.1346153846153846 0.20432692307692307
2 0.34375 0.59375 0.038461538461538464 0.03125
2 0.8713942307692307 0.578125 0.125 0.20432692307692307
2 0.18870192307692307 0.578125 0.03365384615384615 0.028846153846153848
2 0.11177884615384616 0.5480769230769231 0.02403846153846154 0.03365384615384615
2 0.04326923076923077 0.5168269230769231 0.04567307692307692 0.10096153846153846
2 0.20793269230769232 0.4963942307692308 0.0673076923076923 0.040865384615384616
2 0.10096153846153846 0.49158653846153844 0.04326923076923077 0.04807692307692308
2 0.1622596153846154 0.44591346153846156 0.055288461538461536 0.04807692307692308
2 0.7211538461538461 0.4423076923076923 0.03365384615384615 0.03365384615384615
2 0.26802884615384615 0.4375 0.04326923076923077 0.04326923076923077
2 0.7908653846153846 0.4266826923076923 0.05048076923076923 0.04567307692307692
2 0.41947115384615385 0.40384615384615385 0.038461538461538464 0.038461538461538464
2 0.8341346153846154 0.3858173076923077 0.038461538461538464 0.0673076923076923
2 0.6033653846153846 0.375 0.03365384615384615 0.040865384615384616
2 0.33052884615384615 0.35697115384615385 0.07451923076923077 0.038461538461538464
2 0.44471153846153844 0.3389423076923077 0.03125 0.03365384615384615
2 0.11538461538461539 0.3329326923076923 0.09615384615384616 0.07451923076923077
2 0.27524038461538464 0.31009615384615385 0.04807692307692308 0.03365384615384615
0 0.7391826923076923 0.27884615384615385 0.20432692307692307 0.1466346153846154
2 0.33774038461538464 0.2620192307692308 0.11298076923076923 0.07211538461538461
2 0.49278846153846156 0.25240384615384615 0.10576923076923077 0.07451923076923077
2 0.6045673076923077 0.20192307692307693 0.055288461538461536 0.052884615384615384
2 0.7319711538461539 0.17307692307692307 0.04807692307692308 0.04807692307692308
2 0.36177884615384615 0.16466346153846154 0.08413461538461539 0.08413461538461539
2 0.515625 0.1622596153846154 0.11057692307692307 0.08653846153846154
2 0.5961538461538461 0.14302884615384615 0.040865384615384616 0.052884615384615384
2 0.296875 0.7668269230769231 0.06490384615384616 0.03125
0 0.21875 0.7572115384615384 0.04807692307692308 0.052884615384615384