2 0.31009615384615385 0.3389423076923077 0.14423076923076922 0.07692307692307693
2 0.0889423076923077 0.41225961538461536 0.10576923076923077 0.08413461538461539
2 0.6658653846153846 0.4230769230769231 0.18269230769230768 0.08173076923076923
2 0.38100961538461536 0.43149038461538464 0.09134615384615384 0.028846153846153848
2 0.8954326923076923 0.44711538461538464 0.16105769230769232 0.1778846153846154
2 0.19831730769230768 0.453125 0.05048076923076923 0.038461538461538464
2 0.5264423076923077 0.49278846153846156 0.0625 0.04326923076923077
2 0.3245192307692308 0.5432692307692307 0.1778846153846154 0.125
2 0.5913461538461539 0.5829326923076923 0.3269230769230769 0.11057692307692307
2 0.8846153846153846 0.5961538461538461 0.22355769230769232 0.10817307692307693
2 0.12259615384615384 0.6490384615384616 0.24519230769230768 0.15144230769230768
2 0.8100961538461539 0.7295673076923077 0.11057692307692307 0.1201923076923077
2 0.5612980769230769 0.7992788461538461 0.3701923076923077 0.3173076923076923
2 0.34375 0.8197115384615384 0.12259615384615384 0.19230769230769232
2 0.18028846153846154 0.8581730769230769 0.1778846153846154 0.21153846153846154
2 0.8846153846153846 0.8605769230769231 0.20192307692307693 0.125