2 0.3173076923076923 0.4699519230769231 0.17307692307692307 0.08653846153846154
2 0.6322115384615384 0.4567307692307692 0.09134615384615384 0.06971153846153846
2 0.8365384615384616 0.4483173076923077 0.11778846153846154 0.040865384615384616
2 0.7295673076923077 0.40865384615384615 0.05048076923076923 0.026442307692307692
2 0.1658653846153846 0.36899038461538464 0.125 0.09375
2 0.7415865384615384 0.31490384615384615 0.09615384615384616 0.052884615384615384
2 0.17668269230769232 0.3004807692307692 0.057692307692307696 0.026442307692307692
2 0.6033653846153846 0.2920673076923077 0.06971153846153846 0.0673076923076923
2 0.11658653846153846 0.23677884615384615 0.10096153846153846 0.07692307692307693
2 0.7932692307692307 0.23677884615384615 0.11538461538461539 0.052884615384615384
2 0.15264423076923078 0.17307692307692307 0.11778846153846154 0.0625
2 0.5456730769230769 0.1201923076923077 0.14903846153846154 0.2403846153846154