2 0.5300480769230769 0.3173076923076923 0.08653846153846154 0.17307692307692307
2 0.5432692307692307 0.6322115384615384 0.06971153846153846 0.09134615384615384
2 0.5516826923076923 0.8365384615384616 0.040865384615384616 0.11778846153846154
2 0.5913461538461539 0.7295673076923077 0.026442307692307692 0.05048076923076923
2 0.6310096153846154 0.1658653846153846 0.09375 0.125
2 0.6850961538461539 0.7415865384615384 0.052884615384615384 0.09615384615384616
2 0.6995192307692307 0.17668269230769232 0.026442307692307692 0.057692307692307696
2 0.7079326923076923 0.6033653846153846 0.0673076923076923 0.06971153846153846
2 0.7632211538461539 0.11658653846153846 0.07692307692307693 0.10096153846153846
2 0.7632211538461539 0.7932692307692307 0.052884615384615384 0.11538461538461539
2 0.8269230769230769 0.15264423076923078 0.0625 0.11538461538461539
2 0.8786057692307693 0.546875 0.23798076923076922 0.15144230769230768