2 0.27524038461538464 0.5817307692307693 0.1201923076923077 0.11057692307692307
2 0.33413461538461536 0.6634615384615384 0.04567307692307692 0.05048076923076923
2 0.37740384615384615 0.5360576923076923 0.014423076923076924 0.03125
2 0.4026442307692308 0.7524038461538461 0.06009615384615385 0.09615384615384616
2 0.44471153846153844 0.6394230769230769 0.07692307692307693 0.1778846153846154
2 0.4807692307692308 0.7463942307692307 0.06009615384615385 0.125
2 0.5072115384615384 0.6274038461538461 0.057692307692307696 0.0889423076923077
2 0.5384615384615384 0.7608173076923077 0.09615384615384616 0.17307692307692307
0 0.6826923076923077 0.02403846153846154 0.038461538461538464 0.04807692307692308
0 0.8233173076923077 0.08533653846153846 0.06009615384615385 0.06971153846153846
0 0.8653846153846154 0.5492788461538461 0.14903846153846154 0.17067307692307693